10-T3_apr21-22	13605	38091	38237
10-T3_apr21-22	13675	34237	34895
10-T3_apr21-22	15250	41753	39393
10-T3_apr21-22	2039	78704	43190
10-T3_apr21-22	23823	35678	22318
10-T3_apr21-22	23975	34243	20804
10-T3_apr21-22	23981	31405	22198
10-T3_apr21-22	24286	45795	29518
10-T3_apr21-22	24480	41476	37800
10-T3_apr21-22	24777	52239	34150
10-T3_apr21-22	24948	37987	38918
10-T3_apr21-22	25331	40570	34871
10-T3_apr21-22	25717	39210	19249
10-T3_apr21-22	25752	35581	18691
10-T3_apr21-22	25889	54681	57721
10-T3_apr21-22	25990	43884	43561
10-T3_apr21-22	26073	12966	17217
10-T3_apr21-22	26417	42500	44760
10-T3_apr21-22	26496	35786	39756
10-T3_apr21-22	26513	39461	39174
10-T3_apr21-22	26536	35384	37700
10-T3_apr21-22	4_bin.44	41430	43281
10-T3_apr21-22	6102	79981	51193
10-T3_apr21-22	6103	79923	51193
10-T3_apr21-22	7512	66069	28732
1-T1_aug10-21	10744	57700	1071
1-T1_aug10-21	12357	41038	3827
1-T1_aug10-21	16420	49882	22189
1-T1_aug10-21	17557	41313	25263
1-T1_aug10-21	2098	50969	5544
1-T1_aug10-21	23023	45047	46134
1-T1_aug10-21	23481	34553	22318
1-T1_aug10-21	24273	44565	47510
1-T1_aug10-21	24494	38482	2969
1-T1_aug10-21	24787	45462	43582
1-T1_aug10-21	24889	93045	23608
1-T1_aug10-21	25066	38263	39781
1-T1_aug10-21	25092	39959	17244
1-T1_aug10-21	25108	40936	29832
1-T1_aug10-21	4515	43084	44760
1-T1_aug10-21	7389	35356	34895
1-T1_aug10-21	bin.262_2	51779	1823
1-T1_aug10-21	bin.65_3	193751	29985
2-T4_may14-21	10011	34951	15273
2-T4_may14-21	10012	33868	7776
2-T4_may14-21	11809	63209	20556
2-T4_may14-21	14471	38335	44835
2-T4_may14-21	16798	39278	29852
2-T4_may14-21	20447	41640	37800
2-T4_may14-21	21737	41107	1011
2-T4_may14-21	221	39006	28413
2-T4_may14-21	23475	37587	33872
2-T4_may14-21	26703	52559	30821
2-T4_may14-21	28153	35838	31334
2-T4_may14-21	3855	43955	37603
2-T4_may14-21	42374	42495	44760
2-T4_may14-21	42495	96501	17080
2-T4_may14-21	43574	43166	44302
2-T4_may14-21	43598	193751	29985
2-T4_may14-21	43617	42463	45454
2-T4_may14-21	44241	38758	34683
2-T4_may14-21	44626	37185	26040
2-T4_may14-21	44673	69104	3834
2-T4_may14-21	44898	34437	18691
2-T4_may14-21	45150	35749	11519
2-T4_may14-21	45191	41587	44799
2-T4_may14-21	45309	61150	20870
2-T4_may14-21	45538	79943	51193
2-T4_may14-21	45564	37188	22238
2-T4_may14-21	45648	39209	20521
2-T4_may14-21	6525	34750	2843
2-T4_may14-21	739	43260	2095
2-T4_may14-21	957	49869	22189
2-T4_may14-21	bin.1317_1	42452	45454
2-T4_may14-21	bin.181_3	64479	27040
2-T4_may14-21	bin.240_1	37632	39372
2-T4_may14-21	bin.360_2	35393	34603
2-T4_may14-21	bin.529_1	41218	41491
3-T4_feb14-20	10006	35948	11519
3-T4_feb14-20	10694	43061	53458
3-T4_feb14-20	10910	42557	22128
3-T4_feb14-20	11121	50568	20587
3-T4_feb14-20	11140	39751	9759
3-T4_feb14-20	11249	42003	29832
3-T4_feb14-20	11375	61813	21439
3-T4_feb14-20	11400	39768	5476
3-T4_feb14-20	11511	32290	34252
3-T4_feb14-20	11556	38898	43853
3-T4_feb14-20	11589	34556	38237
3-T4_feb14-20	11616	38656	41079
3-T4_feb14-20	11802	65920	46861
3-T4_feb14-20	11913	36482	12277
3-T4_feb14-20	1456	38673	35763
3-T4_feb14-20	1670	81225	33896
3-T4_feb14-20	3888	45960	29518
3-T4_feb14-20	4225	41527	18072
3-T4_feb14-20	4226	37896	25253
3-T4_feb14-20	4423	62634	22532
3-T4_feb14-20	4620	41436	43799
3-T4_feb14-20	7628	38008	33436
3-T4_feb14-20	7808	39094	3402
3-T4_feb14-20	8113	37191	26040
3-T4_feb14-20	8115	37933	18265
3-T4_feb14-20	8845	64464	68071
3-T4_feb14-20	8846	65431	68071
3-T4_feb14-20	bin.814_2	42769	28492
4-T3_may7-21	11636	35805	14694
4-T3_may7-21	14755	39081	39687
4-T3_may7-21	20230	39217	40453
4-T3_may7-21	20281	34759	2843
4-T3_may7-21	20854	84898	45289
4-T3_may7-21	21286	43994	35032
4-T3_may7-21	21978	42206	29917
4-T3_may7-21	22135	35309	11289
4-T3_may7-21	22139	85009	44760
4-T3_may7-21	22365	42260	25604
4-T3_may7-21	2601	46319	19637
4-T3_may7-21	3456	38439	39756
4-T3_may7-21	4842	40090	12997
4-T3_may7-21	8770	52968	27252
4-T3_may7-21	bin.775_1	35783	14694
4-T3_may7-21	bin.788_3	36946	22865
4-T3_may7-21	bin.860_3	38656	29852
4-T3_may7-21	bin.881_1	39931	34233
5-T2_may3-21	10616	38346	23905
5-T2_may3-21	11736	35078	2843
5-T2_may3-21	12054	64091	66887
5-T2_may3-21	1428	42646	46109
5-T2_may3-21	14295	81349	54866
5-T2_may3-21	14327	40890	43281
5-T2_may3-21	14406	42249	46543
5-T2_may3-21	14723	39951	16684
5-T2_may3-21	14730	45688	29518
5-T2_may3-21	15020	40748	42238
5-T2_may3-21	15044	84907	45298
5-T2_may3-21	15101	42500	44760
5-T2_may3-21	15127	35406	18691
5-T2_may3-21	15207	61001	23813
5-T2_may3-21	15283	66307	17683
5-T2_may3-21	15312	61323	4824
5-T2_may3-21	15418	55558	32391
5-T2_may3-21	15530	39208	40424
5-T2_may3-21	15538	37425	22238
5-T2_may3-21	15568	32602	17870
5-T2_may3-21	15637	45684	55116
5-T2_may3-21	15774	69079	3834
5-T2_may3-21	15782	41759	39393
5-T2_may3-21	15844	35081	15919
5-T2_may3-21	15870	41438	42678
5-T2_may3-21	15915	42567	45189
5-T2_may3-21	15969	46811	23021
5-T2_may3-21	15976	96585	17080
5-T2_may3-21	15981	56226	44330
5-T2_may3-21	2914	35828	21484
5-T2_may3-21	5615	35801	14694
5-T2_may3-21	5616	35585	39756
5-T2_may3-21	8638	45809	30273
5-T2_may3-21	9064	56503	46318
5-T2_may3-21	9826	34736	7776
5-T2_may3-21	bin.223_2	39523	38685
5-T2_may3-21	bin.266_6	35816	39296
5-T2_may3-21	bin.291_1	35285	34895
6-T2_oct6-20	13779	37218	15326
6-T2_oct6-20	14665	36260	10656
6-T2_oct6-20	14865	33671	10417
6-T2_oct6-20	15001	35621	3124
6-T2_oct6-20	15824	33635	35226
6-T2_oct6-20	15894	62360	29556
6-T2_oct6-20	16207	35587	10094
6-T2_oct6-20	3708	39873	20149
6-T2_oct6-20	8105	79055	24991
7-T2_jan27-20	10783	36497	12277
7-T2_jan27-20	14484	65408	8642
7-T2_jan27-20	22095	40230	12997
7-T2_jan27-20	26853	42244	22063
7-T2_jan27-20	34980	40806	29832
7-T2_jan27-20	36379	38948	10427
7-T2_jan27-20	37054	32134	11604
7-T2_jan27-20	38070	41952	2900
7-T2_jan27-20	38130	41810	39393
7-T2_jan27-20	9176	169649	24812
8-carbon_granules4	12358	43577	24238
8-carbon_granules4	15605	53312	20556
8-carbon_granules4	17078	38968	22575
8-carbon_granules4	17116	43024	28492
8-carbon_granules4	3955	66140	25383
8-carbon_granules4	bin.130_1	39027	17905
9-gac_march_02-20	11007	32308	22198
9-gac_march_02-20	11008	31939	22198
9-gac_march_02-20	12394	65395	69641
9-gac_march_02-20	12865	52368	50866
9-gac_march_02-20	13257	34491	39138
9-gac_march_02-20	13342	36302	6555
9-gac_march_02-20	13345	67510	3751
9-gac_march_02-20	13492	41099	12997
9-gac_march_02-20	13787	41895	33042
9-gac_march_02-20	14133	68710	5267
9-gac_march_02-20	14157	40967	43078
9-gac_march_02-20	14225	42560	22128
9-gac_march_02-20	14297	39133	54393
9-gac_march_02-20	14525	41752	39393
9-gac_march_02-20	14528	41439	40675
9-gac_march_02-20	14610	50685	20587
9-gac_march_02-20	14732	36986	38237
9-gac_march_02-20	14766	36502	16684
9-gac_march_02-20	14783	64830	2110
9-gac_march_02-20	14793	38034	23773
9-gac_march_02-20	14803	39074	44178
9-gac_march_02-20	14805	62770	63076
9-gac_march_02-20	14817	44594	29518
9-gac_march_02-20	14822	39125	19249
9-gac_march_02-20	14836	62064	21439
9-gac_march_02-20	14858	39071	31510
9-gac_march_02-20	14861	36208	22628
9-gac_march_02-20	14878	44196	34824
9-gac_march_02-20	2798	46376	20778
9-gac_march_02-20	3206	61725	29898
9-gac_march_02-20	4022	77102	54866
9-gac_march_02-20	552	43354	26303
9-gac_march_02-20	5539	48618	52471
9-gac_march_02-20	7406	67836	42113
9-gac_march_02-20	9092	42982	42425
9-gac_march_02-20	9331	35792	8424
9-gac_march_02-20	9582	45808	48828
9-gac_march_02-20	bin.386_2	38654	34024
