contig_10006 	65	59	32
contig_10694 	51	48	29
contig_10910 	79	76	35
contig_11121 	110	107	32
contig_11140 	65	62	24
contig_11249 	70	62	36
contig_11375 	101	98	46
contig_11400 	77	76	26
contig_11511 	48	40	24
contig_11556 	72	70	38
contig_11589 	49	44	25
contig_11616 	64	59	30
contig_11802 	82	77	38
contig_11913 	79	72	32
contig_1456 	67	60	25
contig_1670 	139	133	54
contig_3888 	76	71	35
contig_4225 	77	72	35
contig_4226 	64	59	31
contig_4423 	93	91	41
contig_4620 	73	68	33
contig_7628 	73	65	24
contig_7808 	63	56	31
contig_8113 	64	61	22
contig_8115 	58	51	22
contig_8845 	102	98	51
contig_8846 	100	97	54
contig_bin.814_2 	55	54	18
