contig_11007 	45	37	20
contig_11008 	41	31	20
contig_12394 	96	92	51
contig_12865 	78	63	37
contig_13257 	56	55	17
contig_13342 	77	72	35
contig_13345 	113	108	46
contig_13492 	67	62	30
contig_13787 	76	70	34
contig_14133 	94	87	55
contig_14157 	77	73	37
contig_14225 	82	79	36
contig_14297 	56	51	27
contig_14525 	65	64	42
contig_14528 	72	67	32
contig_14610 	85	83	34
contig_14732 	53	48	28
contig_14766 	67	58	25
contig_14783 	138	134	55
contig_14793 	61	56	29
contig_14803 	49	47	24
contig_14805 	100	95	51
contig_14817 	70	65	36
contig_14822 	65	46	26
contig_14836 	99	96	45
contig_14858 	61	53	31
contig_14861 	69	63	33
contig_14878 	81	80	21
contig_2798 	77	67	38
contig_3206 	90	77	42
contig_4022 	122	113	50
contig_552 	76	71	37
contig_5539 	62	53	29
contig_7406 	129	127	29
contig_9092 	68	59	26
contig_9331 	112	104	36
contig_9582 	64	60	28
contig_bin.386_2 	69	64	31
