contig_10616 	66	60	27
contig_11736 	56	52	22
contig_12054 	78	73	36
contig_1428 	77	76	21
contig_14295 	139	133	54
contig_14327 	67	59	30
contig_14406 	75	74	20
contig_14723 	77	72	28
contig_14730 	91	89	36
contig_15020 	69	59	31
contig_15044 	131	117	69
contig_15101 	53	50	21
contig_15127 	56	48	32
contig_15207 	76	68	35
contig_15283 	115	112	36
contig_15312 	84	75	35
contig_15418 	93	85	35
contig_15530 	65	62	30
contig_15538 	67	63	27
contig_15568 	69	67	21
contig_15637 	77	66	31
contig_15774 	89	86	43
contig_15782 	71	70	41
contig_15844 	74	66	31
contig_15870 	77	69	29
contig_15915 	69	61	37
contig_15969 	62	56	30
contig_15976 	140	133	73
contig_15981 	109	107	28
contig_2914 	51	46	25
contig_5615 	63	57	26
contig_5616 	54	48	25
contig_8638 	82	79	38
contig_9064 	88	84	52
contig_9826 	71	58	31
contig_bin.223_2 	69	62	25
contig_bin.266_6 	63	54	23
contig_bin.291_1 	60	47	25
