contig_10011 	70	61	29
contig_10012 	62	50	30
contig_11809 	98	87	43
contig_14471 	69	67	27
contig_16798 	66	60	26
contig_19713 	79	73	36
contig_20447 	69	65	32
contig_21737 	65	62	37
contig_221 	75	70	31
contig_23475 	67	55	20
contig_26703 	87	78	45
contig_28153 	84	72	25
contig_3855 	90	85	40
contig_3955 	68	65	26
contig_42374 	56	53	21
contig_42495 	139	130	70
contig_43574 	83	74	33
contig_43617 	61	52	31
contig_44241 	79	75	29
contig_44626 	64	60	19
contig_44673 	97	95	44
contig_44898 	53	41	30
contig_45150 	67	63	24
contig_45191 	77	70	27
contig_45309 	101	95	41
contig_45538 	123	112	68
contig_45564 	68	65	29
contig_45648 	70	67	27
contig_6525 	58	54	24
contig_739 	82	80	24
contig_957 	80	69	36
contig_bin.181_3 	99	94	44
contig_bin.240_1 	66	52	20
contig_bin.360_2 	51	48	26
contig_bin.529_1 	65	53	30
