contig_13605 	55	50	27
contig_13675 	64	48	26
contig_15250 	68	67	41
contig_2039 	135	126	61
contig_23823 	77	75	26
contig_23975 	58	52	24
contig_23981 	47	40	19
contig_24286 	78	74	35
contig_24480 	71	66	33
contig_24777 	88	86	35
contig_24948 	71	67	18
contig_25331 	72	68	37
contig_25717 	63	47	26
contig_25752 	58	50	29
contig_25889 	78	72	30
contig_25990 	79	75	31
contig_26073 	20	15	9
contig_26417 	54	51	22
contig_26496 	52	46	23
contig_26513 	64	59	22
contig_26536 	85	81	29
contig_6102 	125	115	72
contig_6103 	124	115	67
contig_7512 	79	65	39
